2964
1364
1298
846
1075
1197
863
1007
818
934
1089
991
1247
937
1124
1119
1173
1214
1154
1315
1444
1175
1152
1293
1340
1407
1266
1418
1306
1298
1547
1332
1418
1568
1455
1379
1581
1367
1575
1435
1707
1705
1693
1836
1837
1926
1764
1790
1566
1917
1964
1941
1933
2029
2097
2112
1992
2154
2113
2235
2266
2440
2425
2399
2453
2412
2490
2502
2559
2766
2776
2992
2751
2912
3102
3102
3171
3154
3381
3285
3397
3484
3581
3508
3647
3846
3888
3837
4075
4188
4260
4327
4504
4539
4724
4776
4866
5131
5282
5262
5553
5769
5906
6131
6364
6365
6707
6822
7184
7214
7644
7878
8098
8416
8805
9191
9539
10059
10423
10952
11451
12020
12736
13465
14163
15147
16044
17295
18617
19966
21651
23902
26139
29173
32671
36658
42965
51429
62507
81439
118676
201726
800160
427477
170437
106561
78238
60921
51088
42716
36843
32861
29550
26943
25038
22340
22117
19217
18510
17576
16590
15973
15150
14382
13754
13091
12744
12141
11695
11394
11078
10562
10365
9972
9735
9371
9135
8839
8766
8470
8288
7987
7918
7742
7651
7549
7309
7192
7016
6871
6668
6518
6461
6436
6358
6105
6070
5951
5811
5795
5689
5731
5564
5431
5470
5410
5336
5165
5080
5071
4943
4948
4960
4822
4683
4779
4662
4552
4553
4494
4438
4428
4313
4308
4305
4264
4154
4344
4184
4050
4007
4065
3994
3966
3875
3925
3868
3848
3727
3604
3772
3786
3628
3621
3646
3542
3574
3558
3493
3447
3474
3452
3451
3355
3280
3320
3281
3320
3223
3350
3187
3248
3178
3156
3078
3231
3136
3071
3057
3065
3012
2916
2981
3073
2956
2876
2961
2891
2935
2972
2893
2869
2908
2878
2871
2820
2756
2688
2717
2761
2897
2722
2730
2864
2741
2664
2737
2715
2587
2727
2691
2605
2613
2478
2605
2564
2605
2621
2671
2510
2443
2532
2502
2559
2457
2491
2452
2544
2463
2519
2550
2406
2386
2405
2405
2379
2352
2405
2284
2393
2386
2353
2313
2322
2373
2404
2320
2334
2243
2322
2288
2300
2283
2332
2357
2257
2262
2282
2259
2239
2229
2267
2191
2228
2117
2078
2197
2236
2142
2170
2139
2222
2186
2217
2088
2161
2016
2219
2149
2115
2087
2239
2008
2285
2136
2068
2064
2166
2042
2062
1966
2028
2030
2003
2065
2044
1941
2069
2144
2044
2044
2012
2087
2084
2018
2097
2008
1939
1979
1959
1960
1969
1953
1952
2058
2018
1921
1999
1896
1896
1898
1999
1923
1987
1948
1990
1852
1957
1966
1968
1937
1949
1926
1958
1903
1948
1908
2018
2020
1950
1906
1951
1961
1881
1965
1934
1914
1856
1823
1998
1901
2007
1939
1996
1979
1887
1904
1886
1852
1915
1955
1883
1859
1874
1882
1879
1889
1933
1841
1892
1815
1917
1818
1953
1855
1827
1819
1834
1903
1797
1833
1829
1889
1934
1862
1840
1870
1851
1789
1856
1838
1815
1948
1783
1834
1925
1766
1711
1820
1782
1799
1792
1755
1857
1816
1794
1814
1821
1795
1786
1741
1775
1766
1798
1751
1746
1758
1762
1779
1775
1803
1780
1760
1780
1803
1775
1779
1762
1758
1746
1751
1798
1766
1775
1741
1786
1795
1821
1814
1794
1816
1857
1755
1792
1799
1782
1820
1711
1766
1925
1834
1783
1948
1815
1838
1856
1789
1851
1870
1840
1862
1934
1889
1829
1833
1797
1903
1834
1819
1827
1855
1953
1818
1917
1815
1892
1841
1933
1889
1879
1882
1874
1859
1883
1955
1915
1852
1886
1904
1887
1979
1996
1939
2007
1901
1998
1823
1856
1914
1934
1965
1881
1961
1951
1906
1950
2020
2018
1908
1948
1903
1958
1926
1949
1937
1968
1966
1957
1852
1990
1948
1987
1923
1999
1898
1896
1896
1999
1921
2018
2058
1952
1953
1969
1960
1959
1979
1939
2008
2097
2018
2084
2087
2012
2044
2044
2144
2069
1941
2044
2065
2003
2030
2028
1966
2062
2042
2166
2064
2068
2136
2285
2008
2239
2087
2115
2149
2219
2016
2161
2088
2217
2186
2222
2139
2170
2142
2236
2197
2078
2117
2228
2191
2267
2229
2239
2259
2282
2262
2257
2357
2332
2283
2300
2288
2322
2243
2334
2320
2404
2373
2322
2313
2353
2386
2393
2284
2405
2352
2379
2405
2405
2386
2406
2550
2519
2463
2544
2452
2491
2457
2559
2502
2532
2443
2510
2671
2621
2605
2564
2605
2478
2613
2605
2691
2727
2587
2715
2737
2664
2741
2864
2730
2722
2897
2761
2717
2688
2756
2820
2871
2878
2908
2869
2893
2972
2935
2891
2961
2876
2956
3073
2981
2916
3012
3065
3057
3071
3136
3231
3078
3156
3178
3248
3187
3350
3223
3320
3281
3320
3280
3355
3451
3452
3474
3447
3493
3558
3574
3542
3646
3621
3628
3786
3772
3604
3727
3848
3868
3925
3875
3966
3994
4065
4007
4050
4184
4344
4154
4264
4305
4308
4313
4428
4438
4494
4553
4552
4662
4779
4683
4822
4960
4948
4943
5071
5080
5165
5336
5410
5470
5431
5564
5731
5689
5795
5811
5951
6070
6105
6358
6436
6461
6518
6668
6871
7016
7192
7309
7549
7651
7742
7918
7987
8288
8470
8766
8839
9135
9371
9735
9972
10365
10562
11078
11394
11695
12141
12744
13091
13754
14382
15150
15973
16590
17576
18510
19217
22117
22340
25038
26943
29550
32861
36843
42716
51088
60921
78238
106561
170437
427477
800160
201726
118676
81439
62507
51429
42965
36658
32671
29173
26139
23902
21651
19966
18617
17295
16044
15147
14163
13465
12736
12020
11451
10952
10423
10059
9539
9191
8805
8416
8098
7878
7644
7214
7184
6822
6707
6365
6364
6131
5906
5769
5553
5262
5282
5131
4866
4776
4724
4539
4504
4327
4260
4188
4075
3837
3888
3846
3647
3508
3581
3484
3397
3285
3381
3154
3171
3102
3102
2912
2751
2992
2776
2766
2559
2502
2490
2412
2453
2399
2425
2440
2266
2235
2113
2154
1992
2112
2097
2029
1933
1941
1964
1917
1566
1790
1764
1926
1837
1836
1693
1705
1707
1435
1575
1367
1581
1379
1455
1568
1418
1332
1547
1298
1306
1418
1266
1407
1340
1293
1152
1175
1444
1315
1154
1214
1173
1119
1124
937
1247
991
1089
934
818
1007
863
1197
1075
846
1298
1364

