63306
-39930
11340.1
34012.7
-25433.4
-24420.7
7367.52
22737.3
-2264.66
10958.9
-52135.2
-14594.5
-12042
-16061
-16378.3
31944.6
14521.7
-250.423
25815.3
-23858
13605.7
-5361.05
21540.7
26296.6
38283.5
-51204.2
-2921.21
2787.68
30602.1
-20566
13722.2
-23799.5
7575.09
23428.4
22325.5
7844.6
-33381
-5442.09
-2799.45
-5003.42
-6355.96
823.49
-22483.7
-29794.2
8234.4
11577.6
8249.58
-13711
-2359.99
10217.1
-25420.3
-9653.14
-17409.2
15776.9
4385.02
-16808.3
-5159.13
-6543.06
20275.3
-10123.8
-15003.3
-10499.6
-6569.07
1397.32
15619.1
4344.11
-230.706
-9495.33
-9914.22
-2338.11
1981.03
-3918.4
-6631.19
-672.96
5098.04
2709.31
8308.01
-8740.38
-9432.05
-4725.76
-4180.69
6959.56
-4651.42
6903.2
5995.64
-1688.64
-1316.82
-1381.11
2802.08
-1817.84
1255.73
1773.83
-5070.38
1836.8
-9818.24
-3520.38
2575.01
-9023.13
-2827.18
836.719
6820.79
7219.57
5171.9
-3604.32
-1330.61
-4427.41
-4479.63
-4919.29
-7786.44
-3844.96
-6755.13
-4017.35
5815.33
-2606.69
6292.97
-3089.52
-9219.27
-1728.71
-26.8402
1345.92
-10374.3
666.641
4559
7525.48
2457.11
-4143.97
1098.13
3369.13
-4393
2715.42
-676.467
4162.11
-1019.47
-2941.33
622.604
2136.19
-2251.97
1175.54
2666.72
606.741
-288.009
-1347.13
6135.27
45.5518
-731.646
-4119.37
4754.65
-2305.57
-4871.9
-3228.52
-8348.22
-1.47565
4003.46
3267.71
-51.9594
2171.6
652.596
-5449.38
-615.056
-1604.88
-3916.98
-5180.32
1701.12
2141.2
1033.72
-4642.4
-7523.86
3176.13
-7065.54
-2686.47
-1283.29
-1724.06
-4998.73
-3249.39
3828.32
2350.78
-2887.36
-2695.31
31.7933
989.021
1232.48
-3834.07
-2871.95
-5841.9
716.957
606.739
-632.693
1766.46
-59.3816
-1075.32
1869.49
-1085.47
-1927.07
417.636
-3073.49
620.562
650.18
657.498
-1753.5
697.103
752.936
-869.417
-1544.05
-308.615
-329.586
643.21
-171.663
-20.2367
-1148.96
447.051
2146.24
-1019.19
-763.446
4.17415
-108.124
-3220.54
497.273
-1145.1
1674.17
-154.681
-2132.01
-1714.91
-612.718
-2023.83
-525.121
-1661.64
-1587.69
-96.849
-536.886
-775.539
-2285.91
-959.784
-740.515
-695.132
-460.172
77.1374
-1470.37
-692.011
-667.401
-690.245
-772.392
-716.475
-734.35
-755.546
-790.038
-750.114
-751.711
-709.319
-754.39
-745.635
-769.329
-778.375
-769.723
-772.339
-787.439
-760.911
-776
-760.911
-787.439
-772.339
-769.723
-778.375
-769.329
-745.635
-754.39
-709.319
-751.711
-750.114
-790.038
-755.546
-734.35
-716.475
-772.392
-690.245
-667.401
-692.011
-1470.37
77.1374
-460.172
-695.132
-740.515
-959.784
-2285.91
-775.539
-536.886
-96.849
-1587.69
-1661.64
-525.121
-2023.83
-612.718
-1714.91
-2132.01
-154.681
1674.17
-1145.1
497.273
-3220.54
-108.124
4.17415
-763.446
-1019.19
2146.24
447.051
-1148.96
-20.2367
-171.663
643.21
-329.586
-308.615
-1544.05
-869.417
752.936
697.103
-1753.5
657.498
650.18
620.562
-3073.49
417.636
-1927.07
-1085.47
1869.49
-1075.32
-59.3816
1766.46
-632.693
606.739
716.957
-5841.9
-2871.95
-3834.07
1232.48
989.021
31.7933
-2695.31
-2887.36
2350.78
3828.32
-3249.39
-4998.73
-1724.06
-1283.29
-2686.47
-7065.54
3176.13
-7523.86
-4642.4
1033.72
2141.2
1701.12
-5180.32
-3916.98
-1604.88
-615.056
-5449.38
652.596
2171.6
-51.9594
3267.71
4003.46
-1.47565
-8348.22
-3228.52
-4871.9
-2305.57
4754.65
-4119.37
-731.646
45.5518
6135.27
-1347.13
-288.009
606.741
2666.72
1175.54
-2251.97
2136.19
622.604
-2941.33
-1019.47
4162.11
-676.467
2715.42
-4393
3369.13
1098.13
-4143.97
2457.11
7525.48
4559
666.641
-10374.3
1345.92
-26.8402
-1728.71
-9219.27
-3089.52
6292.97
-2606.69
5815.33
-4017.35
-6755.13
-3844.96
-7786.44
-4919.29
-4479.63
-4427.41
-1330.61
-3604.32
5171.9
7219.57
6820.79
836.719
-2827.18
-9023.13
2575.01
-3520.38
-9818.24
1836.8
-5070.38
1773.83
1255.73
-1817.84
2802.08
-1381.11
-1316.82
-1688.64
5995.64
6903.2
-4651.42
6959.56
-4180.69
-4725.76
-9432.05
-8740.38
8308.01
2709.31
5098.04
-672.96
-6631.19
-3918.4
1981.03
-2338.11
-9914.22
-9495.33
-230.706
4344.11
15619.1
1397.32
-6569.07
-10499.6
-15003.3
-10123.8
20275.3
-6543.06
-5159.13
-16808.3
4385.02
15776.9
-17409.2
-9653.14
-25420.3
10217.1
-2359.99
-13711
8249.58
11577.6
8234.4
-29794.2
-22483.7
823.49
-6355.96
-5003.42
-2799.45
-5442.09
-33381
7844.6
22325.5
23428.4
7575.09
-23799.5
13722.2
-20566
30602.1
2787.68
-2921.21
-51204.2
38283.5
26296.6
21540.7
-5361.05
13605.7
-23858
25815.3
-250.423
14521.7
31944.6
-16378.3
-16061
-12042
-14594.5
-52135.2
10958.9
-2264.66
22737.3
7367.52
-24420.7
-25433.4
34012.7
11340.1
-39930
