63306
79972
168036
36238
59421
47754
13444
38310
23715
36575
53582
21241
13018
16494
62243
37848
14595
23953
27687
33644
13657
8197
24009
47160
42436
56500
23046
4229
45192
21686
15269
35928
14265
26072
27801
16691
46660
15627
7635
8783
6394
5813
23429
37719
9432
11593
8275
25290
6493
28968
26187
15906
18641
21355
10155
17426
6593
8751
29816
11928
15133
13874
7402
11833
15863
11403
6255
9589
14272
9351
12976
3940
6659
1131
12278
3834
13100
10242
9447
7428
4423
13807
5005
7690
21110
3556
4904
10519
3745
3956
6266
3004
7690
1840
10327
10537
4969
9160
6300
2319
7076
9037
6277
8718
4892
6347
4643
5922
8442
4135
6755
9997
7103
6265
6683
10876
10095
4288
2891
3763
11341
6234
6913
7800
6608
7245
1818
7189
4565
7779
701
4360
3975
2952
2366
2695
3079
3350
3149
4003
650
1602
6140
3107
3599
4144
4837
2619
8070
3547
9793
1741
4088
3500
4107
2228
800
7089
2579
3483
4051
5191
2315
2539
1184
8457
7524
3176
7754
4015
2251
6524
7225
4363
5365
2396
6380
4395
1859
3403
1290
3847
3024
6046
1835
1019
2639
2683
2303
1410
1874
1950
1927
3481
3075
1291
1806
1856
3532
1503
1181
1138
4186
1787
1500
770
2807
1554
4797
2061
2694
1163
868
481
1631
3470
1010
1146
2388
1812
2180
1723
676
2153
1262
1672
1889
640
1375
1241
2303
1434
747
1083
827
482
1767
727
690
708
783
735
745
769
799
751
757
710
757
747
769
780
769
772
787
760
776
760
787
772
769
780
769
747
757
710
757
751
799
769
745
735
783
708
690
727
1767
482
827
1083
747
1434
2303
1241
1375
640
1889
1672
1262
2153
676
1723
2180
1812
2388
1146
1010
3470
1631
481
868
1163
2694
2061
4797
1554
2807
770
1500
1787
4186
1138
1181
1503
3532
1856
1806
1291
3075
3481
1927
1950
1874
1410
2303
2683
2639
1019
1835
6046
3024
3847
1290
3403
1859
4395
6380
2396
5365
4363
7225
6524
2251
4015
7754
3176
7524
8457
1184
2539
2315
5191
4051
3483
2579
7089
800
2228
4107
3500
4088
1741
9793
3547
8070
2619
4837
4144
3599
3107
6140
1602
650
4003
3149
3350
3079
2695
2366
2952
3975
4360
701
7779
4565
7189
1818
7245
6608
7800
6913
6234
11341
3763
2891
4288
10095
10876
6683
6265
7103
9997
6755
4135
8442
5922
4643
6347
4892
8718
6277
9037
7076
2319
6300
9160
4969
10537
10327
1840
7690
3004
6266
3956
3745
10519
4904
3556
21110
7690
5005
13807
4423
7428
9447
10242
13100
3834
12278
1131
6659
3940
12976
9351
14272
9589
6255
11403
15863
11833
7402
13874
15133
11928
29816
8751
6593
17426
10155
21355
18641
15906
26187
28968
6493
25290
8275
11593
9432
37719
23429
5813
6394
8783
7635
15627
46660
16691
27801
26072
14265
35928
15269
21686
45192
4229
23046
56500
42436
47160
24009
8197
13657
33644
27687
23953
14595
37848
62243
16494
13018
21241
53582
36575
23715
38310
13444
47754
59421
36238
168036
79972
